(河北省,秦皇岛市)List(6.0, 6.0, 0.0, 0.0, 0.0, 0.0, 0.0, 0.0, 0.0)
(宁夏回族自治区,石嘴山市)List(3.0, 3.0, 0.0, 0.0, 0.0, 0.0, 0.0, 0.0, 0.0)
(陕西省,宝鸡市)List(4.0, 4.0, 0.0, 0.0, 0.0, 0.0, 0.0, 0.0, 0.0)
(云南省,昆明市)List(7.0, 7.0, 0.0, 0.0, 0.0, 0.0, 0.0, 0.0, 0.0)
(广西壮族自治区,贵港市)List(2.0, 2.0, 0.0, 0.0, 0.0, 0.0, 0.0, 0.0, 0.0)
(吉林省,辽源市)List(5.0, 5.0, 0.0, 0.0, 0.0, 0.0, 0.0, 0.0, 0.0)
(黑龙江省,牡丹江市)List(4.0, 4.0, 0.0, 0.0, 0.0, 0.0, 0.0, 0.0, 0.0)
(辽宁省,营口市)List(1.0, 1.0, 0.0, 0.0, 0.0, 0.0, 0.0, 0.0, 0.0)
(西藏自治区,未知)List(1.0, 1.0, 0.0, 0.0, 0.0, 0.0, 0.0, 0.0, 0.0)
(黑龙江省,齐齐哈尔市)List(3.0, 3.0, 0.0, 0.0, 0.0, 0.0, 0.0, 0.0, 0.0)
(江苏省,南通市)List(12.0, 12.0, 0.0, 0.0, 0.0, 0.0, 0.0, 0.0, 0.0)
(河南省,濮阳市)List(2.0, 2.0, 0.0, 0.0, 0.0, 0.0, 0.0, 0.0, 0.0)
(山东省,莱芜市)List(4.0, 4.0, 0.0, 0.0, 0.0, 0.0, 0.0, 0.0, 0.0)
(河南省,周口市)List(4.0, 3.0, 0.0, 0.0, 0.0, 0.0, 0.0, 0.0, 0.0)
(辽宁省,丹东市)List(1.0, 1.0, 0.0, 0.0, 0.0, 0.0, 0.0, 0.0, 0.0)
(湖南省,永州市)List(2.0, 2.0, 0.0, 0.0, 0.0, 0.0, 0.0, 0.0, 0.0)
(河北省,邢台市)List(7.0, 7.0, 0.0, 0.0, 0.0, 0.0, 0.0, 0.0, 0.0)
(山东省,淄博市)List(2.0, 2.0, 0.0, 0.0, 0.0, 0.0, 0.0, 0.0, 0.0)
(浙江省,宁波市)List(27.0, 27.0, 0.0, 0.0, 0.0, 0.0, 0.0, 0.0, 0.0)
(黑龙江省,大庆市)List(4.0, 4.0, 0.0, 0.0, 0.0, 0.0, 0.0, 0.0, 0.0)
(湖南省,邵阳市)List(9.0, 9.0, 0.0, 0.0, 0.0, 0.0, 0.0, 0.0, 0.0)
(浙江省,舟山市)List(1.0, 1.0, 0.0, 0.0, 0.0, 0.0, 0.0, 0.0, 0.0)
(安徽省,宣城市)List(3.0, 3.0, 0.0, 0.0, 0.0, 0.0, 0.0, 0.0, 0.0)
(江西省,吉安市)List(2.0, 2.0, 0.0, 0.0, 0.0, 0.0, 0.0, 0.0, 0.0)
(云南省,昭通市)List(1.0, 1.0, 0.0, 0.0, 0.0, 0.0, 0.0, 0.0, 0.0)
(浙江省,杭州市)List(49.0, 49.0, 0.0, 0.0, 0.0, 0.0, 0.0, 0.0, 0.0)
(浙江省,台州市)List(10.0, 10.0, 0.0, 0.0, 0.0, 0.0, 0.0, 0.0, 0.0)
(辽宁省,阜新市)List(6.0, 6.0, 0.0, 0.0, 0.0, 0.0, 0.0, 0.0, 0.0)
(内蒙古自治区,巴彦淖尔市)List(2.0, 2.0, 0.0, 0.0, 0.0, 0.0, 0.0, 0.0, 0.0)
(宁夏回族自治区,银川市)List(1.0, 1.0, 0.0, 0.0, 0.0, 0.0, 0.0, 0.0, 0.0)
(山西省,阳泉市)List(6.0, 6.0, 0.0, 0.0, 0.0, 0.0, 0.0, 0.0, 0.0)
(湖南省,郴州市)List(1.0, 1.0, 0.0, 0.0, 0.0, 0.0, 0.0, 0.0, 0.0)
(江苏省,连云港市)List(8.0, 8.0, 0.0, 0.0, 0.0, 0.0, 0.0, 0.0, 0.0)
(浙江省,湖州市)List(6.0, 6.0, 0.0, 0.0, 0.0, 0.0, 0.0, 0.0, 0.0)
(福建省,厦门市)List(8.0, 8.0, 0.0, 0.0, 0.0, 0.0, 0.0, 0.0, 0.0)
(陕西省,咸阳市)List(2.0, 2.0, 0.0, 0.0, 0.0, 0.0, 0.0, 0.0, 0.0)
(四川省,自贡市)List(2.0, 2.0, 0.0, 0.0, 0.0, 0.0, 0.0, 0.0, 0.0)
(安徽省,滁州市)List(1.0, 1.0, 0.0, 0.0, 0.0, 0.0, 0.0, 0.0, 0.0)
(内蒙古自治区,呼和浩特市)List(3.0, 3.0, 0.0, 0.0, 0.0, 0.0, 0.0, 0.0, 0.0)
(河北省,邯郸市)List(7.0, 7.0, 0.0, 0.0, 0.0, 0.0, 0.0, 0.0, 0.0)
(江西省,景德镇市)List(2.0, 2.0, 0.0, 0.0, 0.0, 0.0, 0.0, 0.0, 0.0)
(广西壮族自治区,崇左市)List(1.0, 1.0, 0.0, 0.0, 0.0, 0.0, 0.0, 0.0, 0.0)
(安徽省,铜陵市)List(1.0, 1.0, 0.0, 0.0, 0.0, 0.0, 0.0, 0.0, 0.0)
(河南省,开封市)List(3.0, 3.0, 0.0, 0.0, 0.0, 0.0, 0.0, 0.0, 0.0)
(广东省,汕头市)List(4.0, 4.0, 0.0, 0.0, 0.0, 0.0, 0.0, 0.0, 0.0)
(湖南省,岳阳市)List(8.0, 8.0, 0.0, 0.0, 0.0, 0.0, 0.0, 0.0, 0.0)
(山东省,未知)List(4.0, 4.0, 0.0, 0.0, 0.0, 0.0, 0.0, 0.0, 0.0)
(湖南省,湘西土家族苗族自治州)List(1.0, 1.0, 0.0, 0.0, 0.0, 0.0, 0.0, 0.0, 0.0)
(福建省,三明市)List(2.0, 2.0, 0.0, 0.0, 0.0, 0.0, 0.0, 0.0, 0.0)
(安徽省,芜湖市)List(3.0, 3.0, 0.0, 0.0, 0.0, 0.0, 0.0, 0.0, 0.0)
(山东省,菏泽市)List(5.0, 5.0, 0.0, 0.0, 0.0, 0.0, 0.0, 0.0, 0.0)
(江西省,未知)List(3.0, 3.0, 0.0, 0.0, 0.0, 0.0, 0.0, 0.0, 0.0)
(新疆维吾尔自治区,未知)List(2.0, 2.0, 0.0, 0.0, 0.0, 0.0, 0.0, 0.0, 0.0)
(河南省,平顶山市)List(1.0, 1.0, 0.0, 0.0, 0.0, 0.0, 0.0, 0.0, 0.0)
(四川省,内江市)List(15.0, 15.0, 0.0, 0.0, 0.0, 0.0, 0.0, 0.0, 0.0)
(湖北省,武汉市)List(24.0, 24.0, 0.0, 0.0, 0.0, 0.0, 0.0, 0.0, 0.0)
(甘肃省,张掖市)List(3.0, 3.0, 0.0, 0.0, 0.0, 0.0, 0.0, 0.0, 0.0)
(辽宁省,朝阳市)List(2.0, 2.0, 0.0, 0.0, 0.0, 0.0, 0.0, 0.0, 0.0)
(黑龙江省,绥化市)List(4.0, 4.0, 0.0, 0.0, 0.0, 0.0, 0.0, 0.0, 0.0)
(山东省,威海市)List(3.0, 3.0, 0.0, 0.0, 0.0, 0.0, 0.0, 0.0, 0.0)
(重庆市,重庆市)List(33.0, 33.0, 0.0, 0.0, 0.0, 0.0, 0.0, 0.0, 0.0)
(宁夏回族自治区,固原市)List(1.0, 1.0, 0.0, 0.0, 0.0, 0.0, 0.0, 0.0, 0.0)
(山东省,潍坊市)List(12.0, 12.0, 0.0, 0.0, 0.0, 0.0, 0.0, 0.0, 0.0)
(河南省,三门峡市)List(2.0, 2.0, 0.0, 0.0, 0.0, 0.0, 0.0, 0.0, 0.0)
(上海市,上海市)List(40.0, 40.0, 0.0, 0.0, 0.0, 0.0, 0.0, 0.0, 0.0)
(广西壮族自治区,桂林市)List(2.0, 2.0, 0.0, 0.0, 0.0, 0.0, 0.0, 0.0, 0.0)
(浙江省,温州市)List(15.0, 15.0, 0.0, 0.0, 0.0, 0.0, 0.0, 0.0, 0.0)
(河南省,洛阳市)List(2.0, 2.0, 0.0, 0.0, 0.0, 0.0, 0.0, 0.0, 0.0)
(内蒙古自治区,赤峰市)List(2.0, 2.0, 0.0, 0.0, 0.0, 0.0, 0.0, 0.0, 0.0)
(河南省,商丘市)List(1.0, 1.0, 0.0, 0.0, 0.0, 0.0, 0.0, 0.0, 0.0)
(湖北省,黄冈市)List(4.0, 4.0, 0.0, 0.0, 0.0, 0.0, 0.0, 0.0, 0.0)
(陕西省,榆林市)List(3.0, 3.0, 0.0, 0.0, 0.0, 0.0, 0.0, 0.0, 0.0)
(浙江省,嘉兴市)List(8.0, 8.0, 0.0, 0.0, 0.0, 0.0, 0.0, 0.0, 0.0)
(江西省,上饶市)List(6.0, 6.0, 0.0, 0.0, 0.0, 0.0, 0.0, 0.0, 0.0)
(四川省,德阳市)List(1.0, 1.0, 0.0, 0.0, 0.0, 0.0, 0.0, 0.0, 0.0)
(广西壮族自治区,南宁市)List(111.0, 111.0, 0.0, 0.0, 0.0, 0.0, 0.0, 0.0, 0.0)
(江苏省,苏州市)List(24.0, 23.0, 0.0, 0.0, 0.0, 0.0, 0.0, 0.0, 0.0)
(江苏省,镇江市)List(5.0, 5.0, 0.0, 0.0, 0.0, 0.0, 0.0, 0.0, 0.0)
(江苏省,南京市)List(28.0, 27.0, 0.0, 0.0, 0.0, 0.0, 0.0, 0.0, 0.0)
(江西省,九江市)List(6.0, 6.0, 0.0, 0.0, 0.0, 0.0, 0.0, 0.0, 0.0)
(山东省,济宁市)List(13.0, 12.0, 0.0, 0.0, 0.0, 0.0, 0.0, 0.0, 0.0)
(江苏省,宿迁市)List(1.0, 1.0, 0.0, 0.0, 0.0, 0.0, 0.0, 0.0, 0.0)
(浙江省,衢州市)List(4.0, 4.0, 0.0, 0.0, 0.0, 0.0, 0.0, 0.0, 0.0)
(山西省,晋中市)List(7.0, 7.0, 0.0, 0.0, 0.0, 0.0, 0.0, 0.0, 0.0)
(湖南省,常德市)List(2.0, 2.0, 0.0, 0.0, 0.0, 0.0, 0.0, 0.0, 0.0)
(内蒙古自治区,鄂尔多斯市)List(3.0, 3.0, 0.0, 0.0, 0.0, 0.0, 0.0, 0.0, 0.0)
(广东省,深圳市)List(12.0, 12.0, 0.0, 0.0, 0.0, 0.0, 0.0, 0.0, 0.0)
(陕西省,安康市)List(2.0, 2.0, 0.0, 0.0, 0.0, 0.0, 0.0, 0.0, 0.0)
(黑龙江省,黑河市)List(2.0, 2.0, 0.0, 0.0, 0.0, 0.0, 0.0, 0.0, 0.0)
(河南省,信阳市)List(5.0, 5.0, 0.0, 0.0, 0.0, 0.0, 0.0, 0.0, 0.0)
(天津市,天津市)List(16.0, 16.0, 0.0, 0.0, 0.0, 0.0, 0.0, 0.0, 0.0)
(江西省,萍乡市)List(1.0, 1.0, 0.0, 0.0, 0.0, 0.0, 0.0, 0.0, 0.0)
(广东省,阳江市)List(18.0, 18.0, 0.0, 0.0, 0.0, 0.0, 0.0, 0.0, 0.0)
(山西省,晋城市)List(1.0, 1.0, 0.0, 0.0, 0.0, 0.0, 0.0, 0.0, 0.0)
(四川省,绵阳市)List(7.0, 7.0, 0.0, 0.0, 0.0, 0.0, 0.0, 0.0, 0.0)
(内蒙古自治区,乌兰察布市)List(1.0, 1.0, 0.0, 0.0, 0.0, 0.0, 0.0, 0.0, 0.0)
(云南省,文山壮族苗族自治州)List(1.0, 1.0, 0.0, 0.0, 0.0, 0.0, 0.0, 0.0, 0.0)
(湖南省,长沙市)List(102.0, 102.0, 0.0, 0.0, 0.0, 0.0, 0.0, 0.0, 0.0)
(云南省,玉溪市)List(1.0, 1.0, 0.0, 0.0, 0.0, 0.0, 0.0, 0.0, 0.0)
(广东省,惠州市)List(6.0, 5.0, 0.0, 0.0, 0.0, 0.0, 0.0, 0.0, 0.0)
(江苏省,徐州市)List(17.0, 17.0, 0.0, 0.0, 0.0, 0.0, 0.0, 0.0, 0.0)
(湖南省,湘潭市)List(1.0, 1.0, 0.0, 0.0, 0.0, 0.0, 0.0, 0.0, 0.0)
(福建省,莆田市)List(2.0, 2.0, 0.0, 0.0, 0.0, 0.0, 0.0, 0.0, 0.0)
(广东省,江门市)List(2.0, 2.0, 0.0, 0.0, 0.0, 0.0, 0.0, 0.0, 0.0)
(河南省,焦作市)List(1.0, 1.0, 0.0, 0.0, 0.0, 0.0, 0.0, 0.0, 0.0)
(广东省,清远市)List(2.0, 2.0, 0.0, 0.0, 0.0, 0.0, 0.0, 0.0, 0.0)
(吉林省,松原市)List(3.0, 3.0, 0.0, 0.0, 0.0, 0.0, 0.0, 0.0, 0.0)
(广西壮族自治区,北海市)List(4.0, 4.0, 0.0, 0.0, 0.0, 0.0, 0.0, 0.0, 0.0)
(山东省,聊城市)List(10.0, 10.0, 0.0, 0.0, 0.0, 0.0, 0.0, 0.0, 0.0)
(山西省,吕梁市)List(1.0, 1.0, 0.0, 0.0, 0.0, 0.0, 0.0, 0.0, 0.0)
(湖北省,宜昌市)List(2.0, 2.0, 0.0, 0.0, 0.0, 0.0, 0.0, 0.0, 0.0)
(贵州省,黔西南布依族苗族自治未知)List(1.0, 1.0, 0.0, 0.0, 0.0, 0.0, 0.0, 0.0, 0.0)
(山东省,青岛市)List(19.0, 18.0, 0.0, 0.0, 0.0, 0.0, 0.0, 0.0, 0.0)
(安徽省,未知)List(6.0, 6.0, 0.0, 0.0, 0.0, 0.0, 0.0, 0.0, 0.0)
(广西壮族自治区,玉林市)List(2.0, 2.0, 0.0, 0.0, 0.0, 0.0, 0.0, 0.0, 0.0)
(河南省,郑州市)List(29.0, 29.0, 0.0, 0.0, 0.0, 0.0, 0.0, 0.0, 0.0)
(山西省,太原市)List(10.0, 10.0, 0.0, 0.0, 0.0, 0.0, 0.0, 0.0, 0.0)
(广东省,广州市)List(57.0, 57.0, 0.0, 0.0, 0.0, 0.0, 0.0, 0.0, 0.0)
(四川省,遂宁市)List(2.0, 2.0, 0.0, 0.0, 0.0, 0.0, 0.0, 0.0, 0.0)
(山西省,运城市)List(5.0, 5.0, 0.0, 0.0, 0.0, 0.0, 0.0, 0.0, 0.0)
(江西省,赣州市)List(6.0, 6.0, 0.0, 0.0, 0.0, 0.0, 0.0, 0.0, 0.0)
(江西省,南昌市)List(22.0, 22.0, 0.0, 0.0, 0.0, 0.0, 0.0, 0.0, 0.0)
(山东省,临沂市)List(12.0, 12.0, 0.0, 0.0, 0.0, 0.0, 0.0, 0.0, 0.0)
(吉林省,长春市)List(9.0, 9.0, 0.0, 0.0, 0.0, 0.0, 0.0, 0.0, 0.0)
(内蒙古自治区,包头市)List(6.0, 6.0, 0.0, 0.0, 0.0, 0.0, 0.0, 0.0, 0.0)
(安徽省,宿州市)List(3.0, 3.0, 0.0, 0.0, 0.0, 0.0, 0.0, 0.0, 0.0)
(四川省,雅安市)List(1.0, 1.0, 0.0, 0.0, 0.0, 0.0, 0.0, 0.0, 0.0)
(江西省,抚州市)List(3.0, 3.0, 0.0, 0.0, 0.0, 0.0, 0.0, 0.0, 0.0)
(浙江省,金华市)List(9.0, 9.0, 0.0, 0.0, 0.0, 0.0, 0.0, 0.0, 0.0)
