(湖北省,荆州市)List(2.0, 1.0, 0.0, 0.0, 0.0, 0.0, 0.0, 0.0, 0.0)
(江西省,宜春市)List(5.0, 5.0, 0.0, 0.0, 0.0, 0.0, 0.0, 0.0, 0.0)
(湖北省,襄樊市)List(4.0, 4.0, 0.0, 0.0, 0.0, 0.0, 0.0, 0.0, 0.0)
(安徽省,淮北市)List(7.0, 7.0, 0.0, 0.0, 0.0, 0.0, 0.0, 0.0, 0.0)
(吉林省,四平市)List(1.0, 1.0, 0.0, 0.0, 0.0, 0.0, 0.0, 0.0, 0.0)
(广东省,揭阳市)List(2.0, 2.0, 0.0, 0.0, 0.0, 0.0, 0.0, 0.0, 0.0)
(山西省,临汾市)List(1.0, 1.0, 0.0, 0.0, 0.0, 0.0, 0.0, 0.0, 0.0)
(黑龙江省,哈尔滨市)List(16.0, 16.0, 0.0, 0.0, 0.0, 0.0, 0.0, 0.0, 0.0)
(西藏自治区,拉萨市)List(1.0, 1.0, 0.0, 0.0, 0.0, 0.0, 0.0, 0.0, 0.0)
(贵州省,遵义市)List(2.0, 2.0, 0.0, 0.0, 0.0, 0.0, 0.0, 0.0, 0.0)
(四川省,达州市)List(1.0, 1.0, 0.0, 0.0, 0.0, 0.0, 0.0, 0.0, 0.0)
(浙江省,绍兴市)List(4.0, 4.0, 0.0, 0.0, 0.0, 0.0, 0.0, 0.0, 0.0)
(四川省,眉山市)List(3.0, 3.0, 0.0, 0.0, 0.0, 0.0, 0.0, 0.0, 0.0)
(陕西省,西安市)List(28.0, 28.0, 0.0, 0.0, 0.0, 0.0, 0.0, 0.0, 0.0)
(山西省,长治市)List(5.0, 5.0, 0.0, 0.0, 0.0, 0.0, 0.0, 0.0, 0.0)
(广东省,茂名市)List(4.0, 4.0, 0.0, 0.0, 0.0, 0.0, 0.0, 0.0, 0.0)
(山东省,日照市)List(4.0, 4.0, 0.0, 0.0, 0.0, 0.0, 0.0, 0.0, 0.0)
(湖南省,张家界市)List(2.0, 2.0, 0.0, 0.0, 0.0, 0.0, 0.0, 0.0, 0.0)
(辽宁省,沈阳市)List(18.0, 18.0, 0.0, 0.0, 0.0, 0.0, 0.0, 0.0, 0.0)
(安徽省,安庆市)List(3.0, 3.0, 0.0, 0.0, 0.0, 0.0, 0.0, 0.0, 0.0)
(山东省,济南市)List(19.0, 18.0, 0.0, 0.0, 0.0, 0.0, 0.0, 0.0, 0.0)
(湖北省,未知)List(1.0, 1.0, 0.0, 0.0, 0.0, 0.0, 0.0, 0.0, 0.0)
(湖南省,益阳市)List(302.0, 302.0, 0.0, 0.0, 0.0, 0.0, 0.0, 0.0, 0.0)
(山东省,滨州市)List(7.0, 7.0, 0.0, 0.0, 0.0, 0.0, 0.0, 0.0, 0.0)
(吉林省,通化市)List(1.0, 1.0, 0.0, 0.0, 0.0, 0.0, 0.0, 0.0, 0.0)
(湖北省,咸宁市)List(1.0, 1.0, 0.0, 0.0, 0.0, 0.0, 0.0, 0.0, 0.0)
(河北省,廊坊市)List(12.0, 12.0, 0.0, 0.0, 0.0, 0.0, 0.0, 0.0, 0.0)
(安徽省,阜阳市)List(4.0, 4.0, 0.0, 0.0, 0.0, 0.0, 0.0, 0.0, 0.0)
(吉林省,吉林市)List(7.0, 7.0, 0.0, 0.0, 0.0, 0.0, 0.0, 0.0, 0.0)
(广东省,中山市)List(4.0, 4.0, 0.0, 0.0, 0.0, 0.0, 0.0, 0.0, 0.0)
(辽宁省,辽阳市)List(7.0, 6.0, 0.0, 0.0, 0.0, 0.0, 0.0, 0.0, 0.0)
(浙江省,未知)List(3.0, 3.0, 0.0, 0.0, 0.0, 0.0, 0.0, 0.0, 0.0)
(江苏省,泰州市)List(3.0, 3.0, 0.0, 0.0, 0.0, 0.0, 0.0, 0.0, 0.0)
(湖南省,衡阳市)List(6.0, 6.0, 0.0, 0.0, 0.0, 0.0, 0.0, 0.0, 0.0)
(云南省,西双版纳傣族自治州)List(2.0, 2.0, 0.0, 0.0, 0.0, 0.0, 0.0, 0.0, 0.0)
(江苏省,淮安市)List(5.0, 5.0, 0.0, 0.0, 0.0, 0.0, 0.0, 0.0, 0.0)
(福建省,宁德市)List(1.0, 1.0, 0.0, 0.0, 0.0, 0.0, 0.0, 0.0, 0.0)
(四川省,广元市)List(1.0, 1.0, 0.0, 0.0, 0.0, 0.0, 0.0, 0.0, 0.0)
(北京市,北京市)List(46.0, 45.0, 0.0, 0.0, 0.0, 0.0, 0.0, 0.0, 0.0)
(河北省,承德市)List(1.0, 1.0, 0.0, 0.0, 0.0, 0.0, 0.0, 0.0, 0.0)
(广西壮族自治区,百色市)List(1.0, 1.0, 0.0, 0.0, 0.0, 0.0, 0.0, 0.0, 0.0)
(陕西省,未知)List(2.0, 2.0, 0.0, 0.0, 0.0, 0.0, 0.0, 0.0, 0.0)
(广东省,梅州市)List(2.0, 2.0, 0.0, 0.0, 0.0, 0.0, 0.0, 0.0, 0.0)
(湖北省,十堰市)List(1.0, 1.0, 0.0, 0.0, 0.0, 0.0, 0.0, 0.0, 0.0)
(新疆维吾尔自治区,乌鲁木齐市)List(6.0, 4.0, 0.0, 0.0, 0.0, 0.0, 0.0, 0.0, 0.0)
(山东省,枣庄市)List(6.0, 6.0, 0.0, 0.0, 0.0, 0.0, 0.0, 0.0, 0.0)
(四川省,宜宾市)List(3.0, 3.0, 0.0, 0.0, 0.0, 0.0, 0.0, 0.0, 0.0)
(辽宁省,葫芦岛市)List(1.0, 1.0, 0.0, 0.0, 0.0, 0.0, 0.0, 0.0, 0.0)
(河北省,张家口市)List(1.0, 1.0, 0.0, 0.0, 0.0, 0.0, 0.0, 0.0, 0.0)
(四川省,南充市)List(10.0, 10.0, 0.0, 0.0, 0.0, 0.0, 0.0, 0.0, 0.0)
(浙江省,丽水市)List(8.0, 8.0, 0.0, 0.0, 0.0, 0.0, 0.0, 0.0, 0.0)
(吉林省,延边朝鲜族自治州)List(3.0, 3.0, 0.0, 0.0, 0.0, 0.0, 0.0, 0.0, 0.0)
(福建省,龙岩市)List(6.0, 6.0, 0.0, 0.0, 0.0, 0.0, 0.0, 0.0, 0.0)
(贵州省,贵阳市)List(3.0, 3.0, 0.0, 0.0, 0.0, 0.0, 0.0, 0.0, 0.0)
(河北省,保定市)List(9.0, 9.0, 0.0, 0.0, 0.0, 0.0, 0.0, 0.0, 0.0)
(辽宁省,铁岭市)List(4.0, 4.0, 0.0, 0.0, 0.0, 0.0, 0.0, 0.0, 0.0)
(福建省,漳州市)List(3.0, 3.0, 0.0, 0.0, 0.0, 0.0, 0.0, 0.0, 0.0)
(四川省,乐山市)List(4.0, 4.0, 0.0, 0.0, 0.0, 0.0, 0.0, 0.0, 0.0)
(广西壮族自治区,河池市)List(1.0, 1.0, 0.0, 0.0, 0.0, 0.0, 0.0, 0.0, 0.0)
(广东省,湛江市)List(2.0, 2.0, 0.0, 0.0, 0.0, 0.0, 0.0, 0.0, 0.0)
(海南省,海口市)List(1.0, 1.0, 0.0, 0.0, 0.0, 0.0, 0.0, 0.0, 0.0)
(山东省,烟台市)List(6.0, 4.0, 0.0, 0.0, 0.0, 0.0, 0.0, 0.0, 0.0)
(黑龙江省,双鸭山市)List(1.0, 1.0, 0.0, 0.0, 0.0, 0.0, 0.0, 0.0, 0.0)
(河南省,许昌市)List(3.0, 3.0, 0.0, 0.0, 0.0, 0.0, 0.0, 0.0, 0.0)
(广东省,云浮市)List(1.0, 1.0, 0.0, 0.0, 0.0, 0.0, 0.0, 0.0, 0.0)
(四川省,凉山彝族自治州)List(1.0, 1.0, 0.0, 0.0, 0.0, 0.0, 0.0, 0.0, 0.0)
(河北省,唐山市)List(11.0, 11.0, 0.0, 0.0, 0.0, 0.0, 0.0, 0.0, 0.0)
(未知,未知)List(8.0, 7.0, 0.0, 0.0, 0.0, 0.0, 0.0, 0.0, 0.0)
(四川省,资阳市)List(1.0, 1.0, 0.0, 0.0, 0.0, 0.0, 0.0, 0.0, 0.0)
(河北省,石家庄市)List(24.0, 22.0, 0.0, 0.0, 0.0, 0.0, 0.0, 0.0, 0.0)
(广东省,韶关市)List(2.0, 2.0, 0.0, 0.0, 0.0, 0.0, 0.0, 0.0, 0.0)
(江苏省,扬州市)List(5.0, 5.0, 0.0, 0.0, 0.0, 0.0, 0.0, 0.0, 0.0)
(海南省,未知)List(1.0, 1.0, 0.0, 0.0, 0.0, 0.0, 0.0, 0.0, 0.0)
(山东省,泰安市)List(4.0, 4.0, 0.0, 0.0, 0.0, 0.0, 0.0, 0.0, 0.0)
(贵州省,安顺市)List(1.0, 1.0, 0.0, 0.0, 0.0, 0.0, 0.0, 0.0, 0.0)
(广东省,肇庆市)List(1.0, 1.0, 0.0, 0.0, 0.0, 0.0, 0.0, 0.0, 0.0)
(安徽省,黄山市)List(1.0, 1.0, 0.0, 0.0, 0.0, 0.0, 0.0, 0.0, 0.0)
(安徽省,合肥市)List(30.0, 30.0, 0.0, 0.0, 0.0, 0.0, 0.0, 0.0, 0.0)
(辽宁省,大连市)List(4.0, 4.0, 0.0, 0.0, 0.0, 0.0, 0.0, 0.0, 0.0)
(福建省,福州市)List(11.0, 11.0, 0.0, 0.0, 0.0, 0.0, 0.0, 0.0, 0.0)
(湖南省,娄底市)List(6.0, 6.0, 0.0, 0.0, 0.0, 0.0, 0.0, 0.0, 0.0)
(广东省,珠海市)List(1.0, 1.0, 0.0, 0.0, 0.0, 0.0, 0.0, 0.0, 0.0)
(江苏省,无锡市)List(17.0, 17.0, 0.0, 0.0, 0.0, 0.0, 0.0, 0.0, 0.0)
(广东省,佛山市)List(7.0, 7.0, 0.0, 0.0, 0.0, 0.0, 0.0, 0.0, 0.0)
(四川省,甘孜藏族自治州)List(2.0, 2.0, 0.0, 0.0, 0.0, 0.0, 0.0, 0.0, 0.0)
(河南省,南阳市)List(4.0, 4.0, 0.0, 0.0, 0.0, 0.0, 0.0, 0.0, 0.0)
(江苏省,常州市)List(14.0, 14.0, 0.0, 0.0, 0.0, 0.0, 0.0, 0.0, 0.0)
(江苏省,盐城市)List(7.0, 7.0, 0.0, 0.0, 0.0, 0.0, 0.0, 0.0, 0.0)
(陕西省,渭南市)List(4.0, 4.0, 0.0, 0.0, 0.0, 0.0, 0.0, 0.0, 0.0)
(甘肃省,兰州市)List(3.0, 3.0, 0.0, 0.0, 0.0, 0.0, 0.0, 0.0, 0.0)
(四川省,成都市)List(15.0, 15.0, 0.0, 0.0, 0.0, 0.0, 0.0, 0.0, 0.0)
(安徽省,淮南市)List(4.0, 4.0, 0.0, 0.0, 0.0, 0.0, 0.0, 0.0, 0.0)
(安徽省,亳州市)List(2.0, 2.0, 0.0, 0.0, 0.0, 0.0, 0.0, 0.0, 0.0)
(辽宁省,抚顺市)List(2.0, 2.0, 0.0, 0.0, 0.0, 0.0, 0.0, 0.0, 0.0)
(青海省,西宁市)List(2.0, 2.0, 0.0, 0.0, 0.0, 0.0, 0.0, 0.0, 0.0)
(内蒙古自治区,通辽市)List(4.0, 3.0, 0.0, 0.0, 0.0, 0.0, 0.0, 0.0, 0.0)
(广东省,东莞市)List(13.0, 13.0, 0.0, 0.0, 0.0, 0.0, 0.0, 0.0, 0.0)
(黑龙江省,佳木斯市)List(3.0, 3.0, 0.0, 0.0, 0.0, 0.0, 0.0, 0.0, 0.0)
(河南省,安阳市)List(3.0, 3.0, 0.0, 0.0, 0.0, 0.0, 0.0, 0.0, 0.0)
(福建省,泉州市)List(9.0, 9.0, 0.0, 0.0, 0.0, 0.0, 0.0, 0.0, 0.0)
(安徽省,蚌埠市)List(2.0, 2.0, 0.0, 0.0, 0.0, 0.0, 0.0, 0.0, 0.0)
(山东省,德州市)List(4.0, 4.0, 0.0, 0.0, 0.0, 0.0, 0.0, 0.0, 0.0)
(河南省,漯河市)List(3.0, 3.0, 0.0, 0.0, 0.0, 0.0, 0.0, 0.0, 0.0)
(黑龙江省,七台河市)List(1.0, 1.0, 0.0, 0.0, 0.0, 0.0, 0.0, 0.0, 0.0)
(广西壮族自治区,柳州市)List(3.0, 3.0, 0.0, 0.0, 0.0, 0.0, 0.0, 0.0, 0.0)
(河南省,新乡市)List(3.0, 3.0, 0.0, 0.0, 0.0, 0.0, 0.0, 0.0, 0.0)
(四川省,泸州市)List(1.0, 1.0, 0.0, 0.0, 0.0, 0.0, 0.0, 0.0, 0.0)
(山东省,东营市)List(1.0, 1.0, 0.0, 0.0, 0.0, 0.0, 0.0, 0.0, 0.0)
(湖南省,怀化市)List(2.0, 2.0, 0.0, 0.0, 0.0, 0.0, 0.0, 0.0, 0.0)
(江苏省,未知)List(9.0, 9.0, 0.0, 0.0, 0.0, 0.0, 0.0, 0.0, 0.0)
(山西省,忻州市)List(1.0, 1.0, 0.0, 0.0, 0.0, 0.0, 0.0, 0.0, 0.0)
(黑龙江省,鸡西市)List(5.0, 5.0, 0.0, 0.0, 0.0, 0.0, 0.0, 0.0, 0.0)
(云南省,临沧市)List(1.0, 1.0, 0.0, 0.0, 0.0, 0.0, 0.0, 0.0, 0.0)
(广西壮族自治区,梧州市)List(4.0, 4.0, 0.0, 0.0, 0.0, 0.0, 0.0, 0.0, 0.0)
(河北省,沧州市)List(10.0, 10.0, 0.0, 0.0, 0.0, 0.0, 0.0, 0.0, 0.0)
(辽宁省,鞍山市)List(2.0, 2.0, 0.0, 0.0, 0.0, 0.0, 0.0, 0.0, 0.0)
(河北省,衡水市)List(9.0, 9.0, 0.0, 0.0, 0.0, 0.0, 0.0, 0.0, 0.0)
