蜘蛛纸牌List(2.0, 2.0, 0.0, 0.0, 0.0, 0.0, 0.0, 0.0, 0.0)
赚钱三国List(1.0, 1.0, 0.0, 0.0, 0.0, 0.0, 0.0, 0.0, 0.0)
宜搜小说List(4.0, 4.0, 0.0, 0.0, 0.0, 0.0, 0.0, 0.0, 0.0)
流行之星List(11.0, 11.0, 0.0, 0.0, 0.0, 0.0, 0.0, 0.0, 0.0)
掌上糗百 搞笑图片福利视频糗事百科段子的娱乐社区List(1.0, 1.0, 0.0, 0.0, 0.0, 0.0, 0.0, 0.0, 0.0)
海岛之战List(1.0, 1.0, 0.0, 0.0, 0.0, 0.0, 0.0, 0.0, 0.0)
小说阅读器List(12.0, 12.0, 0.0, 0.0, 0.0, 0.0, 0.0, 0.0, 0.0)
蕃茄阅读List(1.0, 1.0, 0.0, 0.0, 0.0, 0.0, 0.0, 0.0, 0.0)
叫叫大比拼List(2.0, 2.0, 0.0, 0.0, 0.0, 0.0, 0.0, 0.0, 0.0)
全本小说书城List(2.0, 2.0, 0.0, 0.0, 0.0, 0.0, 0.0, 0.0, 0.0)
未知List(2.0, 0.0, 0.0, 0.0, 0.0, 0.0, 0.0, 0.0, 0.0)
地铁跑酷List(9.0, 9.0, 0.0, 0.0, 0.0, 0.0, 0.0, 0.0, 0.0)
消灭宝石List(1.0, 1.0, 0.0, 0.0, 0.0, 0.0, 0.0, 0.0, 0.0)
鳄鱼小顽皮爱洗澡List(3.0, 3.0, 0.0, 0.0, 0.0, 0.0, 0.0, 0.0, 0.0)
PopStar！消灭星星官方正版List(16.0, 16.0, 0.0, 0.0, 0.0, 0.0, 0.0, 0.0, 0.0)
【TOP】言情小说精品全集List(4.0, 4.0, 0.0, 0.0, 0.0, 0.0, 0.0, 0.0, 0.0)
一生必读的10本智慧书List(1.0, 1.0, 0.0, 0.0, 0.0, 0.0, 0.0, 0.0, 0.0)
免费小说List(4.0, 4.0, 0.0, 0.0, 0.0, 0.0, 0.0, 0.0, 0.0)
动动脑子-疯狂脑筋急转弯List(1.0, 1.0, 0.0, 0.0, 0.0, 0.0, 0.0, 0.0, 0.0)
养生头条List(2.0, 2.0, 0.0, 0.0, 0.0, 0.0, 0.0, 0.0, 0.0)
愤怒的老奶奶List(29.0, 29.0, 0.0, 0.0, 0.0, 0.0, 0.0, 0.0, 0.0)
PopStar!消灭星星List(35.0, 34.0, 0.0, 0.0, 0.0, 0.0, 0.0, 0.0, 0.0)
天天看List(2.0, 2.0, 0.0, 0.0, 0.0, 0.0, 0.0, 0.0, 0.0)
汽车-andList(3.0, 3.0, 0.0, 0.0, 0.0, 0.0, 0.0, 0.0, 0.0)
户外健身List(3.0, 3.0, 0.0, 0.0, 0.0, 0.0, 0.0, 0.0, 0.0)
免费看书List(4.0, 4.0, 0.0, 0.0, 0.0, 0.0, 0.0, 0.0, 0.0)
2012最新穿越小说List(1.0, 1.0, 0.0, 0.0, 0.0, 0.0, 0.0, 0.0, 0.0)
小说下载阅读器List(1.0, 1.0, 0.0, 0.0, 0.0, 0.0, 0.0, 0.0, 0.0)
微红包List(2.0, 2.0, 0.0, 0.0, 0.0, 0.0, 0.0, 0.0, 0.0)
豆瓣高分小说大合集List(1.0, 1.0, 0.0, 0.0, 0.0, 0.0, 0.0, 0.0, 0.0)
免费淘小说List(3.0, 3.0, 0.0, 0.0, 0.0, 0.0, 0.0, 0.0, 0.0)
［有声］言情小说2013精品大合集List(1.0, 1.0, 0.0, 0.0, 0.0, 0.0, 0.0, 0.0, 0.0)
单机斗地主List(7.0, 7.0, 0.0, 0.0, 0.0, 0.0, 0.0, 0.0, 0.0)
百思不得姐List(1.0, 1.0, 0.0, 0.0, 0.0, 0.0, 0.0, 0.0, 0.0)
水果连连看List(1.0, 1.0, 0.0, 0.0, 0.0, 0.0, 0.0, 0.0, 0.0)
台球大师专业版List(18.0, 18.0, 0.0, 0.0, 0.0, 0.0, 0.0, 0.0, 0.0)
风行视频List(29.0, 29.0, 0.0, 0.0, 0.0, 0.0, 0.0, 0.0, 0.0)
星星消不停List(2.0, 2.0, 0.0, 0.0, 0.0, 0.0, 0.0, 0.0, 0.0)
中国农贸网List(2.0, 2.0, 0.0, 0.0, 0.0, 0.0, 0.0, 0.0, 0.0)
麻将(单机版)List(1.0, 1.0, 0.0, 0.0, 0.0, 0.0, 0.0, 0.0, 0.0)
全本小说吧【免费书城】List(1.0, 1.0, 0.0, 0.0, 0.0, 0.0, 0.0, 0.0, 0.0)
漫画大全List(1.0, 1.0, 0.0, 0.0, 0.0, 0.0, 0.0, 0.0, 0.0)
Free Car Racing GamesList(2.0, 2.0, 0.0, 0.0, 0.0, 0.0, 0.0, 0.0, 0.0)
潮派书画List(5.0, 5.0, 0.0, 0.0, 0.0, 0.0, 0.0, 0.0, 0.0)
pop star!星星消灭List(1.0, 1.0, 0.0, 0.0, 0.0, 0.0, 0.0, 0.0, 0.0)
猫狗大战List(19.0, 19.0, 0.0, 0.0, 0.0, 0.0, 0.0, 0.0, 0.0)
金庸全集List(1.0, 1.0, 0.0, 0.0, 0.0, 0.0, 0.0, 0.0, 0.0)
神庙逃亡2List(13.0, 13.0, 0.0, 0.0, 0.0, 0.0, 0.0, 0.0, 0.0)
马上赚钱List(177.0, 177.0, 0.0, 0.0, 0.0, 0.0, 0.0, 0.0, 0.0)
萌宝去哪儿List(2.0, 2.0, 0.0, 0.0, 0.0, 0.0, 0.0, 0.0, 0.0)
365免费小说List(2.0, 2.0, 0.0, 0.0, 0.0, 0.0, 0.0, 0.0, 0.0)
饥饿鲨：进化List(1.0, 1.0, 0.0, 0.0, 0.0, 0.0, 0.0, 0.0, 0.0)
汽车-iosList(1.0, 0.0, 0.0, 0.0, 0.0, 0.0, 0.0, 0.0, 0.0)
云视TVList(1.0, 1.0, 0.0, 0.0, 0.0, 0.0, 0.0, 0.0, 0.0)
360影视大全List(41.0, 41.0, 0.0, 0.0, 0.0, 0.0, 0.0, 0.0, 0.0)
小说人气榜List(1.0, 1.0, 0.0, 0.0, 0.0, 0.0, 0.0, 0.0, 0.0)
内涵段子List(1.0, 1.0, 0.0, 0.0, 0.0, 0.0, 0.0, 0.0, 0.0)
免费小说阅读器List(1.0, 1.0, 0.0, 0.0, 0.0, 0.0, 0.0, 0.0, 0.0)
拖拉机升级List(2.0, 2.0, 0.0, 0.0, 0.0, 0.0, 0.0, 0.0, 0.0)
快看免费小说List(3.0, 3.0, 0.0, 0.0, 0.0, 0.0, 0.0, 0.0, 0.0)
咱们结婚吧List(1.0, 1.0, 0.0, 0.0, 0.0, 0.0, 0.0, 0.0, 0.0)
消灭星星List(1.0, 1.0, 0.0, 0.0, 0.0, 0.0, 0.0, 0.0, 0.0)
星星对战List(1.0, 1.0, 0.0, 0.0, 0.0, 0.0, 0.0, 0.0, 0.0)
BB弹-超沉迷List(2.0, 2.0, 0.0, 0.0, 0.0, 0.0, 0.0, 0.0, 0.0)
应用锁List(1.0, 1.0, 0.0, 0.0, 0.0, 0.0, 0.0, 0.0, 0.0)
2D桌球List(1.0, 1.0, 0.0, 0.0, 0.0, 0.0, 0.0, 0.0, 0.0)
全本小说List(4.0, 4.0, 0.0, 0.0, 0.0, 0.0, 0.0, 0.0, 0.0)
天天爱阅读【免费网上书城】List(1.0, 1.0, 0.0, 0.0, 0.0, 0.0, 0.0, 0.0, 0.0)
快读免费小说List(2.0, 2.0, 0.0, 0.0, 0.0, 0.0, 0.0, 0.0, 0.0)
最新全本小说点击榜List(1.0, 1.0, 0.0, 0.0, 0.0, 0.0, 0.0, 0.0, 0.0)
找茬猫List(1.0, 1.0, 0.0, 0.0, 0.0, 0.0, 0.0, 0.0, 0.0)
安卓壁纸List(3.0, 3.0, 0.0, 0.0, 0.0, 0.0, 0.0, 0.0, 0.0)
挖坑List(1.0, 1.0, 0.0, 0.0, 0.0, 0.0, 0.0, 0.0, 0.0)
资讯-andList(12.0, 12.0, 0.0, 0.0, 0.0, 0.0, 0.0, 0.0, 0.0)
360手机浏览器List(1.0, 1.0, 0.0, 0.0, 0.0, 0.0, 0.0, 0.0, 0.0)
升级 拖拉机List(2.0, 2.0, 0.0, 0.0, 0.0, 0.0, 0.0, 0.0, 0.0)
澳门方块List(9.0, 9.0, 0.0, 0.0, 0.0, 0.0, 0.0, 0.0, 0.0)
快递查查List(1.0, 1.0, 0.0, 0.0, 0.0, 0.0, 0.0, 0.0, 0.0)
免费全本小说List(1.0, 1.0, 0.0, 0.0, 0.0, 0.0, 0.0, 0.0, 0.0)
2013最火言情小说List(2.0, 2.0, 0.0, 0.0, 0.0, 0.0, 0.0, 0.0, 0.0)
连点消除List(1.0, 1.0, 0.0, 0.0, 0.0, 0.0, 0.0, 0.0, 0.0)
1010!List(1.0, 1.0, 0.0, 0.0, 0.0, 0.0, 0.0, 0.0, 0.0)
搜狐新闻List(2.0, 1.0, 0.0, 0.0, 0.0, 0.0, 0.0, 0.0, 0.0)
饥饿鲨进化List(4.0, 4.0, 0.0, 0.0, 0.0, 0.0, 0.0, 0.0, 0.0)
