 0.0, 0.0, 0.0, 0.0)
任天堂N64模拟器List(43.0, 43.0, 0.0, 0.0, 0.0, 0.0, 0.0, 0.0, 0.0)
其他List(720.0, 717.0, 0.0, 0.0, 0.0, 0.0, 0.0, 0.0, 0.0)
水果消消List(1.0, 1.0, 0.0, 0.0, 0.0, 0.0, 0.0, 0.0, 0.0)
ATM PocketList(1.0, 1.0, 0.0, 0.0, 0.0, 0.0, 0.0, 0.0, 0.0)
内涵图片段子List(1.0, 1.0, 0.0, 0.0, 0.0, 0.0, 0.0, 0.0, 0.0)
聚力视频List(5.0, 5.0, 0.0, 0.0, 0.0, 0.0, 0.0, 0.0, 0.0)
好豆菜谱List(77.0, 75.0, 0.0, 0.0, 0.0, 0.0, 0.0, 0.0, 0.0)
停车大师3D2List(2.0星星消消乐List(5.0, 5.0, 0.0, 0.0, 0.0, 0.0, 0.0, 0.0, 0.0)
掌上书城List(1.0, 1.0, 0.0, 0.0, 0.0, 0.0, 0.0, 0.0, 0.0)
重生之官道 +免费阅读书小说漫画杂志电子书List(1.0, 1.0, 0.0, 0.0, 0.0, 0.0, 0.0, 0.0, 0.0)
玄幻小说List(1.0, 1.0, 0.0, 0.0, 0.0, 0.0, 0.0, 0.0, 0.0)
 书包小说阅读List(1.0, 1.0, 0.0, 0.0, 0.0, 0.0, 0.0, 0.0, 0.0)
               塔鲁大冒险汉化版List(4.0, 4.0, 0.0, 0.0, 0.0, 0.0, 0.0, 0.0, 0.0)
               360WiFiList(1.0, 1.0, 0.0, 0.0, 0.0, 0.0, 0.0, 0.0, 0.0)
               消灭星星2016List(9.0, 9.0, 0.0, 0.0, 0.0, 0.0, 0.0, 0.0, 0.0)
               爸爸去哪儿2List(2.0, 2.0, 0.0, 0.0, 0.0, 0.0, 0.0, 0.0, 0.0)
               PopStar! LiteList(1.0, 1.0, 0.0, 0.0, 0.0, 0.0, 0.0, 0.0, 0.0)
               分享赚钱 抢红包、话费List(6.0, 6.0, 0.0, 0.0, 0.0, 0.0, 0.0, 0.0, 0.0)
               女性-andList(5.0, 5.0, 0.0, 0.0, 0.0, 0.0, 0.0, 0.0, 0.0)
               新2048List(7.0, 7.0, 0.0, 0.0, 0.0, 0.0, 0.0, 0.0, 0.0)
               搏击王国List(2.0, 2.0, 0.0, 0.0, 0.0, 0.0, 0.0, 0.0, 0.0)
               五子连珠List(1.0, 1.0, 0.0, 0.0, 0.0, 0.0, 0.0, 0.0, 0.0)
               阅读时间List(1.0, 1.0, 0.0, 0.0, 0.0, 0.0, 0.0, 0.0, 0.0)
               养车资讯List(1.0, 0.0, 0.0, 0.0, 0.0, 0.0, 0.0, 0.0, 0.0)
               首度汽车资讯List(1.0, 0.0, 0.0, 0.0, 0.0, 0.0, 0.0, 0.0, 0.0)
               全番单机麻将List(1.0, 1.0, 0.0, 0.0, 0.0, 0.0, 0.0, 0.0, 0.0)
               水果消消乐List(2.0, 2.0, 0.0, 0.0, 0.0, 0.0, 0.0, 0.0, 0.0)
               免费阅读器List(3.0, 3.0, 0.0, 0.0, 0.0, 0.0, 0.0, 0.0, 0.0)
               天天消消乐List(6.0, 6.0, 0.0, 0.0, 0.0, 0.0, 0.0, 0.0, 0.0)
               尊客List(2.0, 2.0, 0.0, 0.0, 0.0, 0.0, 0.0, 0.0, 0.0)
               单机麻将List(1.0, 1.0, 0.0, 0.0, 0.0, 0.0, 0.0, 0.0, 0.0)
               精灵读书List(1.0, 1.0, 0.0, 0.0, 0.0, 0.0, 0.0, 0.0, 0.0)
               么么答List(1.0, 1.0, 0.0, 0.0, 0.0, 0.0, 0.0, 0.0, 0.0)
               爱奇艺List(361.0, 361.0, 0.0, 0.0, 0.0, 0.0, 0.0, 0.0, 0.0)
               驾校一点通-ios 科大List(6.0, 0.0, 0.0, 0.0, 0.0, 0.0, 0.0, 0.0, 0.0)
               网络原创小说人气榜List(1.0, 1.0, 0.0, 0.0, 0.0, 0.0, 0.0, 0.0, 0.0)
               网络经典言情小说List(1.0, 1.0, 0.0, 0.0, 0.0, 0.0, 0.0, 0.0, 0.0)
               孝道List(2.0, 2.0, 0.0, 0.0, 0.0, 0.0, 0.0, 0.0, 0.0)
               [更新]郭德纲2013相声List(1.0, 1.0, 0.0, 0.0, 0.0, 0.0, 0.0, 0.0, 0.0)
               有声大讲堂List(2.0, 2.0, 0.0, 0.0, 0.0, 0.0, 0.0, 0.0, 0.0)
               数独List(2.0, 2.0, 0.0, 0.0, 0.0, 0.0, 0.0, 0.0, 0.0)
               捕鱼达人3List(2.0, 2.0, 0.0, 0.0, 0.0, 0.0, 0.0, 0.0, 0.0)
               见缝插针List(3.0, 3.0, 0.0, 0.0, 0.0, 0.0, 0.0, 0.0, 0.0)
               免费书城List(1.0, 1.0, 0.0, 0.0, 0.0, 0.0, 0.0, 0.0, 0.0)
               面相风水List(2.0, 2.0, 0.0, 0.0, 0.0, 0.0, 0.0, 0.0, 0.0)
               精品小说书城List(1.0, 1.0, 0.0, 0.0, 0.0, 0.0, 0.0, 0.0, 0.0)
               言情小说List(1.0, 1.0, 0.0, 0.0, 0.0, 0.0, 0.0, 0.0, 0.0)
               基础韩语口语List(1.0, 1.0, 0.0, 0.0, 0.0, 0.0, 0.0, 0.0, 0.0)
               欢乐泡泡List(3.0, 3.0, 0.0, 0.0, 0.0, 0.0, 0.0, 0.0, 0.0)
               俄罗斯方块List(30.0, 30.0, 0.0, 0.0, 0.0, 0.0, 0.0, 0.0, 0.0)
               【言情小说吧】List(4.0, 4.0, 0.0, 0.0, 0.0, 0.0, 0.0, 0.0, 0.0)
               天天消水果List(1.0, 1.0, 0.0, 0.0, 0.0, 0.0, 0.0, 0.0, 0.0)
               补肾壮阳药膳List(1.0, 1.0, 0.0, 0.0, 0.0, 0.0, 0.0, 0.0, 0.0)
               中国象棋List(6.0, 6.0, 0.0, 0.0, 0.0, 0.0, 0.0, 0.0, 0.0)
               粉碎星星传奇List(1.0, 1.0, 0.0, 0.0, 0.0, 0.0, 0.0, 0.0, 0.0)
               消灭星星-科大List(15.0, 15.0, 0.0, 0.0, 0.0, 0.0, 0.0, 0.0, 0.0)
               免费书旗小说List(1.0, 1.0, 0.0, 0.0, 0.0, 0.0, 0.0, 0.0, 0.0)
               暴风影音List(37.0, 37.0, 0.0, 0.0, 0.0, 0.0, 0.0, 0.0, 0.0)
               疯狂100层List(1.0, 1.0, 0.0, 0.0, 0.0, 0.0, 0.0, 0.0, 0.0)
               随手电筒-科大List(1.0, 1.0, 0.0, 0.0, 0.0, 0.0, 0.0, 0.0, 0.0)
               2013小说全本精选榜List(9.0, 9.0, 0.0, 0.0, 0.0, 0.0, 0.0, 0.0, 0.0)
               每日红包 马上赚钱List(4.0, 4.0, 0.0, 0.0, 0.0, 0.0, 0.0, 0.0, 0.0)
               每日特价List(7.0, 7.0, 0.0, 0.0, 0.0, 0.0, 0.0, 0.0, 0.0)
               com.pplive.androidphoneList(1.0, 1.0, 0.0, 0.0, 0.0, 0.0, 0.0, 0.0, 0.0)
               水果连连看3List(4.0, 4.0, 0.0, 0.0, 0.0, 0.0, 0.0, 0.0, 0.0)
               满天星3List(9.0, 9.0, 0.0, 0.0, 0.0,, 2.0, 0.0, 0.0, 0.0, 0.0, 0.0, 0.0, 0.0)
御鉴收藏List(2.0, 2.0, 0.0, 0.0, 0.0, 0.0, 0.0, 0.0, 0.0)
星星消灭了3List(1.0, 1.0, 0.0, 0.0, 0.0, 0.0, 0.0, 0.0, 0.0)
